1e-05 405.911
2e-05 188.762
3e-05 116.379
4e-05 80.1869
5e-05 58.4688
6e-05 43.9908
7e-05 33.6474
8e-05 25.8913
9e-05 19.8586
0.0001 15.0323
0.0002 -6.69893
0.0003 -13.9486
0.0004 -17.5775
0.0005 -19.7591
0.0006 -21.2139
0.0007 -22.2551
0.0008 -23.038
0.0009 -23.6489
0.001 -24.138
0.002 -26.3678
0.003 -27.1363
0.004 -27.5184
0.005 -27.7394
0.006 -27.9034
0.007 -28.0175
0.008 -28.1012
0.009 -28.1773
0.01 -28.2189
0.02 -28.3744
0.03 -28.4232
0.04 -28.425
0.05 -28.4379
0.06 -28.4468
0.07 -28.4472
0.08 -28.4557
0.09 -28.4546
0.1 -28.4519
0.2 -28.4524
0.3 -28.4584
0.4 -28.4574
0.5 -28.4581
0.6 -28.4598
0.7 -28.4601
0.8 -28.4601
0.9 -28.4588
1 -28.4593
2 -28.4597
3 -28.4605
4 -28.4609
5 -28.4611
6 -28.4613
7 -28.4614
8 -28.4615
9 -28.4616
