1e-05 410.254
2e-05 193.106
3e-05 120.72
4e-05 84.5282
5e-05 62.8126
6e-05 48.3331
7e-05 37.9918
8e-05 30.2357
9e-05 24.2028
0.0001 19.3764
0.0002 -2.34752
0.0003 -9.59789
0.0004 -13.229
0.0005 -15.4224
0.0006 -16.8868
0.0007 -17.9292
0.0008 -18.7125
0.0009 -19.3289
0.001 -19.824
0.002 -22.0323
0.003 -22.7963
0.004 -23.1807
0.005 -23.3842
0.006 -23.5355
0.007 -23.6446
0.008 -23.7307
0.009 -23.7974
0.01 -23.8567
0.02 -24.0631
0.03 -24.1117
0.04 -24.1442
0.05 -24.14
0.06 -24.1543
0.07 -24.1639
0.08 -24.17
0.09 -24.168
0.1 -24.1713
0.2 -24.1946
0.3 -24.2023
0.4 -24.2057
0.5 -24.2081
0.6 -24.2097
0.7 -24.21
0.8 -24.2108
0.9 -24.2087
1 -24.2093
2 -24.2078
3 -24.2085
4 -24.2089
5 -24.2092
6 -24.2093
7 -24.2094
8 -24.2095
9 -24.2096
