1e-05 417.764
2e-05 200.916
3e-05 128.709
4e-05 92.6412
5e-05 71.0178
6e-05 56.6194
7e-05 46.3441
8e-05 38.6457
9e-05 32.6639
0.0001 27.8831
0.0002 6.44782
0.0003 -0.628805
0.0004 -4.13831
0.0005 -6.22486
0.0006 -7.60545
0.0007 -8.58577
0.0008 -9.31258
0.0009 -9.8769
0.001 -10.3262
0.002 -12.2585
0.003 -12.8528
0.004 -13.1374
0.005 -13.3001
0.006 -13.4006
0.007 -13.4663
0.008 -13.5133
0.009 -13.5346
0.01 -13.5644
0.02 -13.631
0.03 -13.6524
0.04 -13.6634
0.05 -13.644
0.06 -13.6396
0.07 -13.6434
0.08 -13.6455
0.09 -13.6471
0.1 -13.6434
0.2 -13.6296
0.3 -13.627
0.4 -13.6253
0.5 -13.6266
0.6 -13.6289
0.7 -13.6241
0.8 -13.6246
0.9 -13.6249
1 -13.6252
2 -13.6209
3 -13.6214
4 -13.6216
5 -13.6218
6 -13.6218
7 -13.6219
8 -13.622
9 -13.622
