1e-05 427.603
2e-05 210.755
3e-05 138.544
4e-05 102.475
5e-05 80.8521
6e-05 66.4527
7e-05 56.1762
8e-05 48.4768
9e-05 42.4939
0.0001 37.7119
0.0002 16.2717
0.0003 9.18837
0.0004 5.67049
0.0005 3.55639
0.0006 2.16346
0.0007 1.17128
0.0008 0.423619
0.0009 -0.146005
0.001 -0.593897
0.002 -2.62229
0.003 -3.22838
0.004 -3.5681
0.005 -3.7305
0.006 -3.82985
0.007 -3.91488
0.008 -3.99215
0.009 -4.0322
0.01 -4.06254
0.02 -4.18141
0.03 -4.18985
0.04 -4.22168
0.05 -4.21942
0.06 -4.23013
0.07 -4.22816
0.08 -4.22924
0.09 -4.23378
0.1 -4.23451
0.2 -4.20644
0.3 -4.1948
0.4 -4.19825
0.5 -4.20183
0.6 -4.19773
0.7 -4.19894
0.8 -4.19984
0.9 -4.20054
1 -4.2011
2 -4.19981
3 -4.20065
4 -4.19638
5 -4.19664
6 -4.1968
7 -4.19693
8 -4.19726
9 -4.19733
