1e-05 408.38
2e-05 190.931
3e-05 118.372
4e-05 82.0556
5e-05 60.2434
6e-05 45.6831
7e-05 35.2728
8e-05 27.4558
9e-05 21.366
0.0001 16.4943
0.0002 -5.53049
0.0003 -12.9496
0.0004 -16.7182
0.0005 -18.9966
0.0006 -20.5296
0.0007 -21.6356
0.0008 -22.486
0.0009 -23.1477
0.001 -23.6796
0.002 -26.1672
0.003 -27.0423
0.004 -27.5237
0.005 -27.8178
0.006 -28.0328
0.007 -28.1903
0.008 -28.3068
0.009 -28.4025
0.01 -28.4801
0.02 -28.792
0.03 -28.9241
0.04 -29.0116
0.05 -29.0408
0.06 -29.0597
0.07 -29.0825
0.08 -29.1073
0.09 -29.1254
0.1 -29.1235
0.2 -29.1348
0.3 -29.1507
0.4 -29.1622
0.5 -29.1625
0.6 -29.1672
0.7 -29.1532
0.8 -29.1556
0.9 -29.1542
1 -29.1558
2 -29.1576
3 -29.1558
4 -29.1569
5 -29.1576
6 -29.1581
7 -29.1584
8 -29.1587
9 -29.1589
