1e-05 430.489
2e-05 213.341
3e-05 140.957
4e-05 104.764
5e-05 83.0487
6e-05 68.5702
7e-05 58.229
8e-05 50.4729
9e-05 44.4409
0.0001 39.6145
0.0002 17.8737
0.0003 10.6268
0.0004 6.99582
0.0005 4.81389
0.0006 3.35392
0.0007 2.31219
0.0008 1.52927
0.0009 0.916193
0.001 0.427537
0.002 -1.82396
0.003 -2.57967
0.004 -2.97229
0.005 -3.19519
0.006 -3.34325
0.007 -3.45916
0.008 -3.52068
0.009 -3.55583
0.01 -3.5845
0.02 -3.79062
0.03 -3.84062
0.04 -3.8789
0.05 -3.8856
0.06 -3.89264
0.07 -3.90086
0.08 -3.90607
0.09 -3.90928
0.1 -3.91054
0.2 -3.92066
0.3 -3.92609
0.4 -3.93083
0.5 -3.93297
0.6 -3.9349
0.7 -3.93471
0.8 -3.93502
0.9 -3.93567
1 -3.93647
2 -3.93875
3 -3.9395
4 -3.93864
5 -3.93886
6 -3.93901
7 -3.93912
8 -3.9392
9 -3.93926
