1e-05 415.738
2e-05 198.59
3e-05 126.206
4e-05 90.0135
5e-05 68.2928
6e-05 53.813
7e-05 43.4714
8e-05 35.7148
9e-05 29.6816
0.0001 24.8548
0.0002 3.12353
0.0003 -4.12754
0.0004 -7.76656
0.0005 -9.96297
0.0006 -11.4301
0.0007 -12.5009
0.0008 -13.2887
0.0009 -13.9041
0.001 -14.4063
0.002 -16.6624
0.003 -17.4304
0.004 -17.8045
0.005 -18.0479
0.006 -18.1899
0.007 -18.2778
0.008 -18.3723
0.009 -18.4397
0.01 -18.5011
0.02 -18.6892
0.03 -18.7053
0.04 -18.71
0.05 -18.7212
0.06 -18.6943
0.07 -18.698
0.08 -18.7014
0.09 -18.7057
0.1 -18.703
0.2 -18.7167
0.3 -18.7363
0.4 -18.742
0.5 -18.7453
0.6 -18.7476
0.7 -18.7461
0.8 -18.7473
0.9 -18.7482
1 -18.7471
2 -18.7389
3 -18.74
4 -18.7405
5 -18.7409
6 -18.7411
7 -18.7359
8 -18.736
9 -18.7361
