1e-05 420.222
2e-05 203.074
3e-05 130.688
4e-05 94.4954
5e-05 72.7727
6e-05 58.2953
7e-05 47.9541
8e-05 40.1978
9e-05 34.1626
0.0001 29.3363
0.0002 7.60693
0.0003 0.357244
0.0004 -3.27657
0.0005 -5.45631
0.0006 -6.91751
0.0007 -7.96944
0.0008 -8.75215
0.0009 -9.36702
0.001 -9.85875
0.002 -12.0897
0.003 -12.8447
0.004 -13.2215
0.005 -13.4486
0.006 -13.6067
0.007 -13.7119
0.008 -13.7974
0.009 -13.8553
0.01 -13.8992
0.02 -14.0535
0.03 -14.1007
0.04 -14.1257
0.05 -14.1362
0.06 -14.1448
0.07 -14.1503
0.08 -14.1504
0.09 -14.1523
0.1 -14.1499
0.2 -14.1443
0.3 -14.1359
0.4 -14.1358
0.5 -14.1383
0.6 -14.1296
0.7 -14.1308
0.8 -14.1288
0.9 -14.1295
1 -14.1301
2 -14.1325
3 -14.1251
4 -14.1255
5 -14.1257
6 -14.1251
7 -14.1253
8 -14.1253
9 -14.1249
