1e-05 422.729
2e-05 205.28
3e-05 132.721
4e-05 96.4047
5e-05 74.5927
6e-05 60.0302
7e-05 49.6189
8e-05 41.8018
9e-05 35.7154
0.0001 30.8437
0.0002 8.8204
0.0003 1.39211
0.0004 -2.3575
0.0005 -4.63636
0.0006 -6.17168
0.0007 -7.28243
0.0008 -8.12184
0.0009 -8.78408
0.001 -9.31498
0.002 -11.8235
0.003 -12.7176
0.004 -13.2021
0.005 -13.5145
0.006 -13.7132
0.007 -13.8637
0.008 -13.9898
0.009 -14.0847
0.01 -14.1513
0.02 -14.4652
0.03 -14.5999
0.04 -14.6749
0.05 -14.7063
0.06 -14.7335
0.07 -14.7631
0.08 -14.7799
0.09 -14.7929
0.1 -14.8002
0.2 -14.8573
0.3 -14.8748
0.4 -14.8719
0.5 -14.8661
0.6 -14.8707
0.7 -14.874
0.8 -14.8765
0.9 -14.8784
1 -14.88
2 -14.8866
3 -14.8859
4 -14.887
5 -14.8877
6 -14.8843
7 -14.8846
8 -14.8808
9 -14.881
