1e-05 412.761
2e-05 195.312
3e-05 122.753
4e-05 86.4367
5e-05 64.6246
6e-05 50.0648
7e-05 39.6513
8e-05 31.8372
9e-05 25.7512
0.0001 20.8795
0.0002 -1.14899
0.0003 -8.57055
0.0004 -12.329
0.0005 -14.6046
0.0006 -16.1439
0.0007 -17.2586
0.0008 -18.0975
0.0009 -18.7603
0.001 -19.2959
0.002 -21.7788
0.003 -22.6724
0.004 -23.1478
0.005 -23.441
0.006 -23.6465
0.007 -23.8183
0.008 -23.9359
0.009 -24.0313
0.01 -24.1105
0.02 -24.4615
0.03 -24.5958
0.04 -24.6688
0.05 -24.7005
0.06 -24.7108
0.07 -24.7348
0.08 -24.7514
0.09 -24.767
0.1 -24.7749
0.2 -24.7981
0.3 -24.8107
0.4 -24.8198
0.5 -24.8215
0.6 -24.8251
0.7 -24.8284
0.8 -24.8309
0.9 -24.8328
1 -24.8344
2 -24.8418
3 -24.8441
4 -24.8452
5 -24.8459
6 -24.8464
7 -24.8467
8 -24.847
9 -24.8472
