1e-05 402.726
2e-05 185.277
3e-05 112.718
4e-05 76.3997
5e-05 54.5877
6e-05 40.0277
7e-05 29.62
8e-05 21.8064
9e-05 15.7229
0.0001 10.8457
0.0002 -11.1766
0.0003 -18.6064
0.0004 -22.358
0.0005 -24.6299
0.0006 -26.157
0.0007 -27.265
0.0008 -28.1069
0.0009 -28.7685
0.001 -29.2981
0.002 -31.8151
0.003 -32.7009
0.004 -33.1722
0.005 -33.4718
0.006 -33.6797
0.007 -33.8189
0.008 -33.9372
0.009 -34.0317
0.01 -34.1277
0.02 -34.4822
0.03 -34.5851
0.04 -34.6521
0.05 -34.6879
0.06 -34.7271
0.07 -34.7464
0.08 -34.7704
0.09 -34.7828
0.1 -34.792
0.2 -34.8461
0.3 -34.8555
0.4 -34.8656
0.5 -34.8725
0.6 -34.8735
0.7 -34.8752
0.8 -34.8777
0.9 -34.8796
1 -34.8812
2 -34.8852
3 -34.8861
4 -34.8799
5 -34.8806
6 -34.881
7 -34.8814
8 -34.8816
9 -34.8818
