1e-05 2.79977e-452
2e-05 7.86715e-235
3e-05 2.84935e-162
4e-05 5.9017e-126
5e-05 3.82853e-104
6e-05 1.38936e-89
7e-05 3.60065e-79
8e-05 2.3468e-71
9e-05 2.86053e-65
0.0001 2.12876e-60
0.0002 2.2732e-38
0.0003 6.00061e-31
0.0004 3.44054e-27
0.0005 6.48939e-25
0.0006 2.24693e-23
0.0007 2.92568e-22
0.0008 2.01884e-21
0.0009 9.28825e-21
0.001 3.18854e-20
0.002 9.6926e-18
0.003 7.58715e-17
0.004 2.26684e-16
0.005 4.45249e-16
0.006 7.14802e-16
0.007 1.06157e-15
0.008 1.39155e-15
0.009 1.73354e-15
0.01 2.08016e-15
0.02 4.66854e-15
0.03 6.36032e-15
0.04 7.52317e-15
0.05 8.09293e-15
0.06 8.28833e-15
0.07 8.75809e-15
0.08 9.10104e-15
0.09 9.43332e-15
0.1 9.60708e-15
0.2 1.01329e-14
0.3 1.04306e-14
0.4 1.06521e-14
0.5 1.06932e-14
0.6 1.07829e-14
0.7 1.08652e-14
0.8 1.09275e-14
0.9 1.09761e-14
1 1.10153e-14
2 1.12046e-14
3 1.12647e-14
4 1.12949e-14
5 1.1313e-14
6 1.13252e-14
7 1.13338e-14
8 1.13403e-14
9 1.13454e-14
