1e-05 3.03219e-442
2e-05 8.51988e-225
3e-05 3.08564e-152
4e-05 6.42603e-116
5e-05 4.1685e-94
6e-05 1.51328e-79
7e-05 3.8692e-69
8e-05 2.5193e-61
9e-05 3.05287e-55
0.0001 2.30095e-50
0.0002 2.42267e-28
0.0003 6.51693e-21
0.0004 3.67831e-17
0.0005 6.87925e-15
0.0006 2.31529e-13
0.0007 2.96898e-12
0.0008 2.06316e-11
0.0009 9.46571e-11
0.001 3.20449e-10
0.002 1.05381e-07
0.003 8.10029e-07
0.004 2.39792e-06
0.005 4.78025e-06
0.006 7.71582e-06
0.007 1.06301e-05
0.008 1.39577e-05
0.009 1.73528e-05
0.01 2.16419e-05
0.02 4.89621e-05
0.03 6.20503e-05
0.04 7.23975e-05
0.05 7.86252e-05
0.06 8.60471e-05
0.07 8.99545e-05
0.08 9.50808e-05
0.09 9.7824e-05
0.1 9.99092e-05
0.2 0.000113175
0.3 0.000115644
0.4 0.000118363
0.5 0.000120262
0.6 0.000120553
0.7 0.000121023
0.8 0.000121715
0.9 0.000122256
1 0.000122691
2 0.000123826
3 0.000124082
4 0.000122327
5 0.000122523
6 0.000122654
7 0.000122748
8 0.000122818
9 0.000122873
