1e-05 -2.77907e-457
2e-05 -1.9572e-240
3e-05 -3.15543e-168
4e-05 -3.6849e-132
5e-05 -1.54827e-110
6e-05 -3.87475e-96
7e-05 -7.30398e-86
8e-05 -3.64686e-78
9e-05 -3.49723e-72
0.0001 -2.1113e-67
0.0002 -5.75208e-46
0.0003 -6.86198e-39
0.0004 -2.21797e-35
0.0005 -2.70711e-33
0.0006 -6.50266e-32
0.0007 -6.21463e-31
0.0008 -3.31305e-30
0.0009 -1.2149e-29
0.001 -3.41853e-29
0.002 -2.92536e-27
0.003 -1.14942e-26
0.004 -2.21353e-26
0.005 -3.21944e-26
0.006 -4.05746e-26
0.007 -4.71954e-26
0.008 -5.25894e-26
0.009 -5.52436e-26
0.01 -5.91602e-26
0.02 -6.8973e-26
0.03 -7.2444e-26
0.04 -7.43144e-26
0.05 -7.10596e-26
0.06 -7.03404e-26
0.07 -7.09614e-26
0.08 -7.13032e-26
0.09 -7.15774e-26
0.1 -7.09678e-26
0.2 -6.87438e-26
0.3 -6.83407e-26
0.4 -6.80635e-26
0.5 -6.82704e-26
0.6 -6.86425e-26
0.7 -6.78761e-26
0.8 -6.79511e-26
0.9 -6.80095e-26
1 -6.80562e-26
2 -6.7387e-26
3 -6.7458e-26
4 -6.74935e-26
5 -6.75148e-26
6 -6.7529e-26
7 -6.75392e-26
8 -6.75468e-26
9 -6.75527e-26
