1e-05 3.01164e-462
2e-05 8.46201e-245
3e-05 3.06463e-172
4e-05 6.35219e-136
5e-05 4.12057e-114
6e-05 1.5046e-99
7e-05 3.87917e-89
8e-05 2.54597e-81
9e-05 3.10651e-75
0.0001 2.31171e-70
0.0002 2.4392e-48
0.0003 6.53936e-41
0.0004 3.67405e-37
0.0005 6.98242e-35
0.0006 2.39509e-33
0.0007 3.09083e-32
0.0008 2.13542e-31
0.0009 9.81136e-31
0.001 3.33136e-30
0.002 1.07432e-27
0.003 8.41775e-27
0.004 2.56884e-26
0.005 5.2742e-26
0.006 8.33319e-26
0.007 1.17864e-25
0.008 1.57551e-25
0.009 1.96022e-25
0.01 2.28522e-25
0.02 4.70755e-25
0.03 6.41966e-25
0.04 7.62951e-25
0.05 8.20322e-25
0.06 8.73268e-25
0.07 9.34935e-25
0.08 9.71773e-25
0.09 1.00133e-24
0.1 1.01815e-24
0.2 1.16118e-24
0.3 1.20911e-24
0.4 1.20112e-24
0.5 1.18502e-24
0.6 1.19769e-24
0.7 1.20684e-24
0.8 1.21375e-24
0.9 1.21916e-24
1 1.2235e-24
2 1.24232e-24
3 1.24029e-24
4 1.24361e-24
5 1.24561e-24
6 1.23578e-24
7 1.23672e-24
8 1.22576e-24
9 1.22631e-24
