1e-05 -9.68005e-460
2e-05 -1.36148e-242
3e-05 -3.30571e-170
4e-05 -5.15473e-134
5e-05 -2.72255e-112
6e-05 -8.17234e-98
7e-05 -1.79299e-87
8e-05 -1.02299e-79
9e-05 -1.10918e-73
0.0001 -7.43666e-69
0.0002 -3.98763e-47
0.0003 -7.08598e-40
0.0004 -3.04941e-36
0.0005 -4.61268e-34
0.0006 -1.33399e-32
0.0007 -1.50344e-31
0.0008 -9.11588e-31
0.0009 -3.75547e-30
0.001 -1.16518e-29
0.002 -1.98331e-27
0.003 -1.12817e-26
0.004 -2.68641e-26
0.005 -4.53203e-26
0.006 -6.52217e-26
0.007 -8.30911e-26
0.008 -1.01171e-25
0.009 -1.15602e-25
0.01 -1.27888e-25
0.02 -1.82467e-25
0.03 -2.03387e-25
0.04 -2.15464e-25
0.05 -2.20722e-25
0.06 -2.2512e-25
0.07 -2.2798e-25
0.08 -2.28041e-25
0.09 -2.29048e-25
0.1 -2.2778e-25
0.2 -2.24854e-25
0.3 -2.2058e-25
0.4 -2.20501e-25
0.5 -2.21776e-25
0.6 -2.17394e-25
0.7 -2.17986e-25
0.8 -2.1701e-25
0.9 -2.17351e-25
1 -2.17624e-25
2 -2.18845e-25
3 -2.15147e-25
4 -2.15345e-25
5 -2.15464e-25
6 -2.15174e-25
7 -2.15231e-25
8 -2.15273e-25
9 -2.15047e-25
