1e-05 2.94659e-455
2e-05 4.14829e-238
3e-05 1.00367e-165
4e-05 1.56352e-129
5e-05 8.21923e-108
6e-05 2.48105e-93
7e-05 5.4487e-83
8e-05 3.11073e-75
9e-05 3.35768e-69
0.0001 2.25342e-64
0.0002 1.21371e-42
0.0003 2.16363e-35
0.0004 9.42334e-32
0.0005 1.48121e-29
0.0006 4.34223e-28
0.0007 5.11159e-27
0.0008 3.13613e-26
0.0009 1.29348e-25
0.001 4.11142e-25
0.002 7.41438e-23
0.003 4.34587e-22
0.004 1.02846e-21
0.005 1.80124e-21
0.006 2.49757e-21
0.007 3.05829e-21
0.008 3.8018e-21
0.009 4.43942e-21
0.01 5.1141e-21
0.02 7.88612e-21
0.03 8.1829e-21
0.04 8.27237e-21
0.05 8.48786e-21
0.06 7.97973e-21
0.07 8.04647e-21
0.08 8.11045e-21
0.09 8.1907e-21
0.1 8.1412e-21
0.2 8.40076e-21
0.3 8.78886e-21
0.4 8.90468e-21
0.5 8.97403e-21
0.6 9.02018e-21
0.7 8.98979e-21
0.8 9.01442e-21
0.9 9.03356e-21
1 9.01077e-21
2 8.84175e-21
3 8.86415e-21
4 8.87534e-21
5 8.88205e-21
6 8.88653e-21
7 8.78013e-21
8 8.78249e-21
9 8.78433e-21
