1e-05 5.2356e-470
2e-05 7.36295e-253
3e-05 1.77954e-180
4e-05 2.77577e-144
5e-05 1.44182e-122
6e-05 4.34e-108
7e-05 9.52077e-98
8e-05 5.42958e-90
9e-05 5.84506e-84
0.0001 3.91847e-79
0.0002 2.15744e-57
0.0003 3.80928e-50
0.0004 1.62864e-46
0.0005 2.476e-44
0.0006 7.14035e-43
0.0007 7.8606e-42
0.0008 4.76841e-41
0.0009 1.95637e-40
0.001 6.02709e-40
0.002 1.07548e-37
0.003 6.12788e-37
0.004 1.51332e-36
0.005 2.52832e-36
0.006 3.55546e-36
0.007 4.64307e-36
0.008 5.34968e-36
0.009 5.80058e-36
0.01 6.19643e-36
0.02 9.96009e-36
0.03 1.11755e-35
0.04 1.22052e-35
0.05 1.23949e-35
0.06 1.25975e-35
0.07 1.28382e-35
0.08 1.29931e-35
0.09 1.30894e-35
0.1 1.31276e-35
0.2 1.3437e-35
0.3 1.3606e-35
0.4 1.37555e-35
0.5 1.38235e-35
0.6 1.38848e-35
0.7 1.38789e-35
0.8 1.38889e-35
0.9 1.39095e-35
1 1.39351e-35
2 1.40086e-35
3 1.40328e-35
4 1.4005e-35
5 1.40123e-35
6 1.40171e-35
7 1.40206e-35
8 1.40232e-35
9 1.40252e-35
