1e-05 1.98048e-445
2e-05 2.78888e-228
3e-05 6.74011e-156
4e-05 1.04881e-119
5e-05 5.48051e-98
6e-05 1.64764e-83
7e-05 3.63279e-73
8e-05 2.07167e-65
9e-05 2.23361e-59
0.0001 1.49734e-54
0.0002 8.0645e-33
0.0003 1.43302e-25
0.0004 6.09774e-22
0.0005 9.26221e-20
0.0006 2.63984e-18
0.0007 2.9024e-17
0.0008 1.76059e-16
0.0009 7.18639e-16
0.001 2.21617e-15
0.002 3.76231e-13
0.003 2.20751e-12
0.004 5.3219e-12
0.005 8.85206e-12
0.006 1.29134e-11
0.007 1.67918e-11
0.008 2.03617e-11
0.009 2.42622e-11
0.01 2.67017e-11
0.02 3.8199e-11
0.03 4.27387e-11
0.04 4.29138e-11
0.05 4.4215e-11
0.06 4.51329e-11
0.07 4.51703e-11
0.08 4.60569e-11
0.09 4.59439e-11
0.1 4.56657e-11
0.2 4.57163e-11
0.3 4.63445e-11
0.4 4.62473e-11
0.5 4.63153e-11
0.6 4.64938e-11
0.7 4.653e-11
0.8 4.65354e-11
0.9 4.63892e-11
1 4.64478e-11
2 4.64877e-11
3 4.65743e-11
4 4.66174e-11
5 4.66433e-11
6 4.66606e-11
7 4.66729e-11
8 4.66821e-11
9 4.66893e-11
