1e-05 4.01959e-467
2e-05 2.83516e-250
3e-05 4.61085e-178
4e-05 5.39813e-142
5e-05 2.26725e-120
6e-05 5.68834e-106
7e-05 1.07505e-95
8e-05 5.38125e-88
9e-05 5.17349e-82
0.0001 3.13113e-77
0.0002 8.62786e-56
0.0003 1.04538e-48
0.0004 3.44472e-45
0.0005 4.47973e-43
0.0006 1.10709e-41
0.0007 1.08734e-40
0.0008 6.08171e-40
0.0009 2.25761e-39
0.001 6.33201e-39
0.002 6.75976e-37
0.003 2.72916e-36
0.004 5.96682e-36
0.005 8.67246e-36
0.006 1.09017e-35
0.007 1.32594e-35
0.008 1.58416e-35
0.009 1.73717e-35
0.01 1.86288e-35
0.02 2.44935e-35
0.03 2.49742e-35
0.04 2.68734e-35
0.05 2.6734e-35
0.06 2.74014e-35
0.07 2.72775e-35
0.08 2.73453e-35
0.09 2.76325e-35
0.1 2.76791e-35
0.2 2.5947e-35
0.3 2.52609e-35
0.4 2.54624e-35
0.5 2.5673e-35
0.6 2.54315e-35
0.7 2.55024e-35
0.8 2.55555e-35
0.9 2.55969e-35
1 2.56299e-35
2 2.55535e-35
3 2.56032e-35
4 2.53529e-35
5 2.53676e-35
6 2.53775e-35
7 2.53846e-35
8 2.54043e-35
9 2.54084e-35
