1e-05 6.72536e-448
2e-05 1.89003e-230
3e-05 6.84627e-158
4e-05 1.41932e-121
5e-05 9.20862e-100
6e-05 3.3463e-85
7e-05 8.60654e-75
8e-05 5.64705e-67
9e-05 6.94426e-61
0.0001 5.16857e-56
0.0002 5.47191e-34
0.0003 1.43646e-26
0.0004 8.43019e-23
0.0005 1.60036e-20
0.0006 5.46085e-19
0.0007 6.97089e-18
0.0008 4.93945e-17
0.0009 2.26659e-16
0.001 7.71371e-16
0.002 2.3705e-13
0.003 1.77822e-12
0.004 5.38685e-12
0.005 1.06028e-11
0.006 1.73944e-11
0.007 2.50013e-11
0.008 3.26916e-11
0.009 4.07557e-11
0.01 4.87296e-11
0.02 9.99121e-11
0.03 1.35428e-10
0.04 1.65665e-10
0.05 1.77179e-10
0.06 1.85061e-10
0.07 1.95072e-10
0.08 2.06491e-10
0.09 2.15316e-10
0.1 2.14385e-10
0.2 2.20004e-10
0.3 2.282e-10
0.4 2.3436e-10
0.5 2.34505e-10
0.6 2.37027e-10
0.7 2.29508e-10
0.8 2.30829e-10
0.9 2.30069e-10
1 2.30893e-10
2 2.31875e-10
3 2.30889e-10
4 2.3151e-10
5 2.31884e-10
6 2.32133e-10
7 2.32311e-10
8 2.32445e-10
9 2.32549e-10
