1e-05 -8.98621e-450
2e-05 -1.26402e-232
3e-05 -3.07098e-160
4e-05 -4.77999e-124
5e-05 -2.48365e-102
6e-05 -7.49057e-88
7e-05 -1.64361e-77
8e-05 -9.37547e-70
9e-05 -1.0111e-63
0.0001 -6.77987e-59
0.0002 -3.59055e-37
0.0003 -6.39043e-30
0.0004 -2.73328e-26
0.0005 -4.26574e-24
0.0006 -1.24293e-22
0.0007 -1.37041e-21
0.0008 -8.31993e-21
0.0009 -3.43974e-20
0.001 -1.07559e-19
0.002 -1.73776e-17
0.003 -1.00917e-16
0.004 -2.44564e-16
0.005 -3.90743e-16
0.006 -5.53538e-16
0.007 -7.11537e-16
0.008 -8.67637e-16
0.009 -1.01157e-15
0.01 -1.15961e-15
0.02 -1.8652e-15
0.03 -2.08609e-15
0.04 -2.24805e-15
0.05 -2.22637e-15
0.06 -2.30099e-15
0.07 -2.35242e-15
0.08 -2.38588e-15
0.09 -2.37514e-15
0.1 -2.39318e-15
0.2 -2.52518e-15
0.3 -2.57032e-15
0.4 -2.59017e-15
0.5 -2.60461e-15
0.6 -2.61426e-15
0.7 -2.61591e-15
0.8 -2.62105e-15
0.9 -2.60836e-15
1 -2.61154e-15
2 -2.60265e-15
3 -2.6073e-15
4 -2.60961e-15
5 -2.611e-15
6 -2.61192e-15
7 -2.61258e-15
8 -2.61308e-15
9 -2.61346e-15
