0.99041147982 -27.822975
0.727639536978 -27.832392
0.4997196323 -27.822975
0.317732578977 -27.804144
0.211991669151 -27.813559
0.1347889007 -27.813559
0.0934649144861 -27.813559
0.061762000071 -27.832392
0.0449404703924 -27.822975
0.0323869121897 -27.822975
0.0240245088429 -27.691149
0.0168202863418 -27.3145
0.0133477747357 -26.881355
0.0106947021868 -26.467043
0.00882026409811 -26.043314
0.00741588843715 -25.657251
0.00623512027516 -25.233522
0.0054483356397 -24.819208
0.00458084322513 -24.310734
0.00412019261076 -23.990583
