9.77487820135 -16.330093
6.07616010986 -16.32764
3.23727711651 -16.324392
1.51687949371 -16.306528
0.56395567534 -16.301422
0.179753661987 -16.239708
0.0503669293764 -16.261053
0.018970247538 -16.228107
0.00911910827523 -16.238283
0.00427447361086 -16.136698
0.00252609264243 -15.938628
0.00185765737516 -15.699825
0.00131564224293 -15.251519
0.00110117860247 -14.804074
0.000832244826454 -14.188656
0.000679528325798 -13.5317745
0.000554902928056 -12.846985
0.000477295642887 -12.036879
0.000410391978511 -11.310493
0.00037625885631 -10.598393
0.000331838511452 -9.94191
